Responsável pelo cadastro

25


60

46

46
46
63



62
64
23

59

64
63


61
62


59
18
46
15
63


60
63
54

31
63
45
64
63
32
40



64


40
61

63
63
54


59

40
63
40
64

59




40
64

64

61
37

17
63
61

64
63




23


64
22



18


63
80
61
64
40
59
64
15
64
64
64
63
64




63
55
36
60
59

64




54

62

63
64

63

63





63


64

39
39

31

40
64
60
46

62



19

63
61

64
62
64


31
40
63
63
63
63
31

40

63
66


63
45
59



59

61


39
45



63
45




32

64

20





78






64



59
46



40

45





64
60

64


60
46
64
63
64
15

46

59
63

31
62

64
63

59
20
17
42
59

63
20
63

20
60
64
18
29
63


45
63
63
64



61






46




60
63
18

22
18

61


78
63
40
62
64
46
46
45
79
54

62
59
60

20

63
64
66
20

59

49
60

36


64





27

46
39
59
45

27


45

18
61
64
79
45
54









61



36
59

64


66
62

60
60
29
22

64
46

15
18


61
63
61
60
18


63
27
59
46

64
18
60
31
19




45


64

39
40


64
46
40
63


79
62






54

60



46
18
21
45
61
32

79

64


59




60

63
60

64
64
18
61



35
54
79
61
63
59

60
17
63
64
60
63
61
22
79

45
63
59
66
46

21
45
61


34
63

45
63
19
61
64
63
79
45
63
64
61
63
61
23

34
15
78
63
63
62
64
63


63

39

60
64
63


64


64
63

59




63

46
59


61




64

63



61
40

59
15


64
36
79
63

46

46


60

66

64
46

40

20
63


31
18
40
18
34
31


37
31
63
61
59

64
54
31

19
64


46

63
18





61



40




33
63
20

18


64

59


63
46
63
35


61
63

63
25

78

35
49

60
61
61



19


27




17
18
63
59


79
46

61

48

64
64
18
60
18


60





46
41


59


61
63


37
15



60
63


27



45
66


63
60


59
37
59
79


60
63
60
59
17

27
66
45

45
46

61
15
40

62
61

63

60

61

61
45


62


63
62




45
64
60

18



18
39



46
66

31
63




59

46
62
37

44
64


31
27
63

36

63
20
66
63
59


40

64

64


63
63



42


64
17
60

31
54
17

60


61


19
46




63
32
45
60


60
63

45
63
63
64
61
60



60





60
59


37




60
46

60
20
63



18







63
63


59

39
63


64
59



62
59
18
60
37

31
54
80
79
60
63


15

59
45
64
60
61
64
63

63
45
22
63
32


59
27
45
61

45



29


64

59
17
45
31
80


63


63
63
63
46
46
63

46


18

60



60

54
45


22
60

59
33
45

60
64

16
46
59

63
39
46
60


45

46
31

63
15
63
40
23


63

40
78



59
54





63



60


61

59




46

60
63
16
60



63



59

54

40
36

63




63
62
63




18


20

66
66



40
45
45
62
63

59




60
45
45
78
46


40
63
45
27

60
63
63



59


16

29

46
64
64
45
45

64
60

78
18
17
60

60

27






64




62

59
20
31
63
59


39
59


60
61
34

59



45
63
79
64
64
62

64
35
50
39


61

33





64
66

39

45

54




40



31




45
45
63
18

59
54
59
63


46
64
60





59
60
61
63

61

16

63
59
48

37
39
59
41
62
64
64

46
63



20

61
63
62
63
62
63
61

61

60
63

61
63
61



61
61
63
63
61

60

63


64
63


39
63
79
64
62

64
34
44
36

63
63
25
42
61
63

63


44
63
79
45

60
60

45
63
63

62

45
63


61
63
61
59
64
63
31
61

46
79
36
17
31
61
60
61

63
64

63




78


61
79


42



18



64
60
62

17

62


63
63
63

23
59

63
45









63


64

64
63

59

60
40

40
60
63


31

44
63


39


63
45



31

41

39
62

40
78
78









63


46




59
63
46


46



54

36


31
45

46

64
27
20
27

63

39
27
61
64
46

50
45


61
61
62

19
63




37
40






60
66
59
40
61

59
64




18

78

61














36

78
63


63
64
18


54


45
44

46

60


59

50
45


20





21
80
59

64
19
54

18
62

64
63

60
59

61
64

64

39

31





63
46

20



18
46

59




64


44



21





63
60
31
63

64
17
60
62
64
81



64


64

78
63
59
18


46

31
59
45
18
37

31
63

62
60
16
60
63









61

64
66
60
45





61

31
31
63
64

63




66

61


36
63



31


40

79
63

63


78




39

63
17

60
63
60


63
20
50
61
79

63
46
61

63
63
21
23


54


63
60
31



45

63
54

63
60

78







64






31

17
64


64
64





27

59

59


46
17


59


62

45


46
48
45
17
59
46



63

46
44
36
59

13
36
60
61
45

64


62

46
46

27
31
62
64
59

60
61
36
63
59
46

46
45
18
46


60
79
46
63
59
59
62

61
64

61
59


15
64
61

31

40
63
59
63
46

35
60
64










54
45

















63


54
